236.26
248.71
278.39
288.14
272.06
273.13
263.55
259.16
268.46
282.76
267.28
239.43
233.29
221.86
272.20
252.40
252.31
252.35
254.11
241.55
241.37
227.50
237.97
250.74
259.51
284.95
285.88
292.03
282.16
280.52
287.21
280.26
275.35
276.22
284.82
298.26
318.38
334.07
347.68
342.82
349.98
342.09
343.82
334.62
341.04
339.34
362.89
356.90
358.43
346.46
342.69
344.27
332.05
284.70
295.14
308.58
326.09
326.43
319.11
325.31
329.13
316.35
322.05
322.16
348.68
340.47
327.55
325.78
323.63
317.66
300.71
315.65
315.35
293.94
297.81
295.88
309.87
313.51
316.90
310.78
321.67
319.41
329.65
328.49
332.11
332.56
305.30
316.06
325.59
321.20
319.04
308.27
302.63
309.26
308.72
319.91
322.27
329.65
339.03
340.84
339.38
335.58
330.56
335.16
329.31
323.90
320.11
340.01
346.60
351.67
349.60
345.98
333.87
329.36
334.09
338.53
350.84
346.40
346.97
347.79
368.81
395.94
410.04
421.62
425.86
416.85
426.07
434.21
425.85
442.79
423.39
440.40
443.21
444.72
459.46
436.00
429.83
453.25
433.09
438.69
435.54
413.49
435.90
429.24
435.15
428.75
439.31
447.43
442.60
438.97
448.98
433.72
452.42
460.55
461.51
440.10
456.56
468.37
444.26
462.07
445.91
429.52
445.23
439.62
430.60
401.99
404.35
408.92
401.25
403.99
395.23
391.09
417.78
419.40
426.58
430.17
430.14
429.24
446.74
454.53
455.00
439.58
445.17
451.45
446.89
458.96
475.31
489.88
467.26
483.37
481.20
488.73
485.56
485.40
475.19
459.64
454.43
449.72
438.07
451.67
432.96
431.41
435.80
445.01
448.96
447.20
439.20
438.57
437.50
419.25
431.44
449.36
449.06
435.20
430.90
431.46
416.56
430.41
421.81
421.96
406.01
397.21
411.11
417.32
425.21
428.27
417.07
417.44
410.63
411.32
411.71
411.82
399.83
409.38
417.40
408.58
402.51
403.32
392.43
405.94
405.55
396.73
398.68
399.24
407.82
395.01
391.20
395.56
399.27
392.78
380.30
