28.55
28.55
28.55
25.59
25.59
25.59
25.59
25.59
29.85
29.85
29.85
25.33
30.07
30.07
27.75
27.75
27.75
29.04
29.04
28.15
28.15
28.15
28.00
28.00
28.00
29.68
29.68
29.68
28.62
28.62
28.61
28.61
28.61
27.25
27.30
27.30
27.30
27.30
27.30
28.83
28.84
28.84
27.90
30.04
30.04
28.14
28.14
28.14
28.14
27.93
27.93
27.93
27.93
27.93
27.93
27.93
27.93
27.93
27.93
27.93
28.32
28.32
28.32
28.32
28.32
28.50
28.75
28.45
30.00
30.00
30.00
30.00
30.00
30.00
30.00
30.00
30.00
30.00
30.00
30.00
30.00
30.00
30.00
28.49
28.49
28.49
30.00
30.00
30.00
30.00
30.00
30.00
30.00
30.00
30.00
30.00
30.00
30.00
30.00
30.00
30.00
30.00
30.00
30.00
30.44
31.64
30.75
30.75
30.75
30.75
30.75
30.75
30.75
31.69
31.69
31.69
31.69
31.69
32.45
32.45
32.45
32.45
32.45
32.45
29.89
29.89
29.89
29.89
29.89
29.89
29.89
29.89
29.89
29.89
29.89
29.89
29.89
29.89
29.89
29.89
29.89
29.89
29.89
29.89
29.89
31.13
31.13
30.22
30.22
30.22
30.22
30.22
30.22
30.22
30.22
30.22
30.22
30.22
30.22
30.22
30.22
30.22
30.22
30.22
30.22
30.94
31.37
31.02
31.02
31.02
31.02
31.02
28.71
28.71
29.08
30.96
31.00
31.00
31.00
30.60
30.60
30.60
30.60
30.60
30.60
30.60
32.97
32.97
32.97
31.26
31.26
31.26
31.26
32.31
32.31
32.31
32.31
32.31
32.31
32.31
30.67
30.67
30.67
31.28
31.28
31.80
31.80
31.80
31.70
31.70
31.70
31.70
31.70
31.70
32.00
32.00
32.00
32.00
32.75
31.60
31.60
33.73
33.73
33.73
33.73
33.73
33.73
33.73
33.73
33.73
26.47
26.47
26.47
26.47
26.47
26.47
26.47
26.47
26.47
26.47
26.47
26.47
26.47
26.47
26.47
26.47
26.47
26.47
31.57
31.57
31.57
31.57
