223.89
203.19
188.38
181.46
172.42
198.85
190.42
198.15
202.52
202.14
194.27
196.98
193.16
199.74
204.6
208.37
209.28
210.14
211.21
212.5
213.32
205.35
198.89
198.51
196.25
197.49
198.53
210.79
212.93
212.33
211.45
211.26
208.78
206.86
202.09
201.36
195.27
200.21
200.42
199.95
200.85
201.7
203.27
202.82
200.63
203.92
201.45
202.67
198.78
199.2
196.45
198.42
195.64
196.58
201
201.5
200.3
201.56
201
201.08
205.17
207.82
212.44
213.55
209.95
210.01
211.14
212.41
211.16
208.62
209.11
210.16
210.02
211.18
212.48
214.4
214.15
213.76
213.88
214.05
211.27
209.05
207.57
202.38
203.35
202.92
213.25
220.03
229.35
227.18
229.65
233.33
232.78
231.59
230.89
230.56
226.01
224.9
227.76
227.16
229.31
230.49
232.56
232.14
229.72
238.47
239.78
239.69
237.88
234.35
226.79
230.03
234.07
236.7
238.15
238.99
237.88
245.5
256.08
254.43
252.31
256.87
255.46
254.43
254.63
255.45
257.13
258.02
256.69
256.48
258.06
254.04
245.27
247.66
247.77
249.34
247.45
252.29
262.24
262.77
258.45
259.58
262.82
268.81
269
269.7
271.4
270.37
269.05
270.04
270.14
269.77
268.47
269.43
275.25
273.47
272.95
272.41
267.46
267.44
268.56
266.25
271.49
275.92
276.97
277.55
278.85
283.1
286.19
284.15
280.7
278.78
277.89
277.18
278.78
278.03
278.28
274.11
274.61
271.84
272.19
273.67
270.97
272.36
273.81
273.4
273.76
273.08
271.86
271.01
267.26
262.36
260.33
259.04
259.37
260.25
261.05
259.96
258.21
255.53
246.7
247.65
248.35
248.04
255.41
258.27
256.44
258.28
259.48
270.01
269.48
276.49
275.91
278.12
274.62
273.68
275.5
261.73
255.78
263.88
264.35
260.58
264.58
266.18
272.14
274.23
272.95
264.18
264.72
263.75
262.52
260.29
257.46
259.88
260.83
260.81
255.76
250.12
252.82
254.23
249.94
248.96
247.99
251.49
251.64
252.62
252.89
248.8
246.63
253.79
255.63
255.92
