234.56
236.83
225.2
220.56
216.47
224.42
226.45
229.38
232.3
231.48
229.57
230.91
227.57
229.96
228.63
227.47
228.31
229.08
228.8
233.36
233.4
233.94
234.79
234.07
235.51
233.13
232.75
225.57
222.38
222.47
228.02
229.87
231.95
233.89
234.11
233.32
236.81
238.03
237.15
237.76
240.97
242.1
240.19
238.89
238.64
236.33
233.99
233.99
234.29
237.15
236.5
234.66
234.3
233.22
231.94
234.71
234.14
228.58
226.72
228.26
228.82
228.8
223.39
227.1
226.92
224.87
225.75
225.65
226.01
229.3
225.84
225.86
225.7
227.32
225.3
227.09
228.12
230.61
229.67
227.9
235.56
232.51
229.16
228.88
230.54
229.78
231.6
233.22
235.09
237.1
232.98
229.9
226.15
226.81
224.2
228.49
230.03
229.61
227.02
224.04
225.25
225.83
224.58
226.39
225.73
224.41
224.95
220.06
219.05
219.16
217.69
220.5
218.16
216.13
213.88
215.66
215.92
216.4
216.99
218.23
219.42
217.16
218.69
219.43
220.83
219.87
216.91
219.76
217.69
217.56
219.98
217.53
219.25
217.09
218.11
213.69
213.29
215.48
215.4
214.89
216.46
216.11
214.66
213.77
204.23
197.53
200.57
199.77
196.77
200.68
200.54
199.62
201.92
200.47
203.27
203.8
204.51
209.17
207.97
211.3
215.66
216.8
216.62
211.84
216.23
217.35
217.87
215.93
214.54
216.15
214.19
213.58
210.23
209.31
209.15
212.05
215.61
218.32
218.9
219.77
218.32
216.34
219.66
220.34
221.36
221.1
222.29
222.12
219.71
218.4
219.44
219.08
215.97
217.86
220.91
218.57
216.18
218.79
219.86
221.23
221.3
226.49
229
229.23
230.25
231.34
231.6
223.13
222.24
223.16
225.09
226.43
226.6
226.79
230.5
231.72
234.66
231.01
234.52
235.22
234.06
233.42
230.31
230.56
229.58
228.1
233.9
240.84
243.07
243.44
243.95
246.09
246.05
246.51
235.54
236.5
238.61
238.53
236.96
236.05
233.79
233.83
231.24
227.53
224.94
224.85
226.51
225.06
229.96
229.79
231
235.42
234.56
236.83
225.2
220.56
216.47
224.42
226.45
229.38
232.3
231.48
229.57
230.91
227.57
229.96
228.63
227.47
228.31
229.08
228.8
233.36
233.4
233.94
234.79
234.07
235.51
233.13
232.75
225.57
222.38
222.47
228.02
229.87
231.95
233.89
234.11
233.32
236.81
238.03
237.15
237.76
240.97
242.1
240.19
238.89
238.64
236.33
233.99
233.99
234.29
237.15
236.5
234.66
234.3
233.22
231.94
234.71
234.14
228.58
226.72
228.26
228.82
228.8
223.39
227.1
226.92
224.87
225.75
225.65
226.01
229.3
225.84
225.86
225.7
227.32
225.3
227.09
228.12
230.61
229.67
227.9
235.56
232.51
229.16
228.88
230.54
229.78
231.6
233.22
235.09
237.1
232.98
229.9
226.15
226.81
224.2
228.49
230.03
229.61
227.02
224.04
225.25
225.83
224.58
226.39
225.73
224.41
224.95
220.06
219.05
219.16
217.69
220.5
218.16
216.13
213.88
215.66
215.92
216.4
216.99
218.23
219.42
217.16
218.69
219.43
220.83
219.87
216.91
219.76
217.69
217.56
219.98
217.53
219.25
217.09
218.11
213.69
213.29
215.48
215.4
214.89
216.46
216.11
214.66
213.77
204.23
197.53
200.57
199.77
196.77
200.68
200.54
199.62
201.92
200.47
203.27
203.8
204.51
209.17
207.97
211.3
215.66
216.8
216.62
211.84
216.23
217.35
217.87
215.93
214.54
216.15
214.19
213.58
210.23
209.31
209.15
212.05
215.61
218.32
218.9
219.77
218.32
216.34
219.66
220.34
221.36
221.1
222.29
222.12
219.71
218.4
219.44
219.08
215.97
217.86
220.91
218.57
216.18
218.79
219.86
221.23
221.3
226.49
229
229.23
230.25
231.34
231.6
223.13
222.24
223.16
225.09
226.43
226.6
226.79
230.5
231.72
234.66
231.01
234.52
235.22
234.06
233.42
230.31
230.56
229.58
228.1
233.9
240.84
243.07
243.44
243.95
246.09
246.05
246.51
235.54
236.5
238.61
238.53
236.96
236.05
233.79
233.83
231.24
227.53
224.94
224.85
226.51
225.06
229.96
229.79
231
235.42
