48.38
48.13
44.73
42.93
43.33
47.62
47.50
48.25
48.95
48.97
48.55
48.43
47.05
47.43
48.07
48.81
48.99
48.58
49.91
49.90
49.84
50.40
51.58
51.03
51.24
50.42
49.65
48.68
48.10
47.81
49.03
49.37
49.79
49.96
49.58
48.79
49.14
49.62
49.69
49.25
50.43
50.11
49.37
49.34
49.24
49.69
50.70
50.28
49.89
50.76
50.24
49.56
49.55
49.79
49.42
50.05
50.02
49.69
50.58
49.72
50.46
49.46
48.37
48.49
47.98
47.55
47.42
47.35
47.36
48.04
47.44
47.38
47.51
47.46
47.02
47.11
47.55
48.03
48.22
48.13
48.75
47.60
50.34
50.50
50.50
50.19
50.55
50.91
50.50
51.01
50.47
50.47
50.20
49.56
49.87
49.80
50.48
50.84
51.03
49.47
49.91
49.63
49.32
50.04
49.68
49.01
48.24
47.90
47.22
47.83
47.37
48.14
47.17
46.40
46.39
46.64
46.13
46.45
45.97
46.03
46.46
46.67
46.63
46.89
47.38
46.63
46.76
46.63
46.06
45.53
45.92
45.18
45.94
45.61
45.64
45.13
44.57
45.16
45.54
45.76
46.16
46.06
45.58
45.35
45.09
43.91
43.76
43.69
43.77
43.66
43.87
43.87
42.96
43.80
43.51
43.70
43.31
44.34
44.19
45.52
46.51
46.20
45.14
45.19
45.15
45.47
45.47
44.65
44.85
44.90
44.70
44.72
44.74
44.13
44.42
44.58
44.13
44.09
43.82
44.16
43.46
43.08
43.10
43.20
43.24
43.24
43.85
43.71
42.95
42.88
42.66
42.72
41.69
42.21
42.50
42.69
42.36
41.84
42.72
42.57
42.36
44.39
44.65
44.44
44.45
43.80
43.60
43.23
42.95
42.69
42.67
42.58
42.23
42.52
43.09
43.14
44.05
41.33
43.31
43.30
43.33
43.47
42.67
42.26
42.25
42.27
43.84
44.19
45.21
45.32
44.77
44.84
44.58
45.03
43.50
43.34
43.23
42.99
42.40
42.43
42.36
42.51
40.75
40.48
39.40
39.67
39.77
38.96
40.41
41.72
43.56
44.57
