152.63
147.74
149.24
146.58
161.06
155.37
159.40
161.47
158.68
155.50
153.36
149.86
153.90
157.72
161.47
163.85
162.42
162.06
160.89
162.79
165.81
166.05
165.20
152.80
155.75
154.38
159.58
160.89
166.81
165.40
167.43
167.87
165.32
170.06
171.98
169.59
173.98
173.38
172.96
172.85
170.37
167.71
169.39
169.81
174.92
177.63
180.01
178.79
176.97
175.88
177.94
177.23
173.98
167.73
166.01
167.74
171.49
174.43
178.27
177.39
176.91
179.76
180.55
177.56
175.16
177.66
178.70
181.31
182.81
183.10
183.77
184.70
185.94
191.15
192.11
191.51
193.20
194.08
193.42
196.43
197.44
192.86
189.95
195.75
195.32
196.92
197.28
202.09
201.63
204.16
203.03
203.82
204.91
204.29
202.49
200.19
200.62
206.72
209.16
207.95
208.21
212.37
213.53
211.99
231.10
232.66
235.17
234.16
239.94
239.56
240.78
241.38
251.76
251.42
249.85
252.33
255.24
252.88
252.34
247.83
246.57
247.18
244.36
243.55
245.54
246.43
246.45
251.51
247.13
245.46
242.21
237.49
244.64
246.19
251.71
251.88
253.79
257.02
251.34
252.53
253.73
260.51
269.93
268.43
275.17
281.90
281.82
284.12
278.06
284.75
285.34
279.70
290.59
291.74
287.43
279.12
276.98
285.60
284.96
292.99
289.98
299.65
318.47
323.64
320.28
320.12
315.12
316.02
320.62
318.39
322.09
314.45
317.75
321.00
313.70
310.52
309.32
307.73
298.06
303.75
308.61
311.33
315.68
315.67
314.96
314.39
314.55
313.80
315.32
317.32
314.55
322.43
326.01
329.14
332.73
336.43
336.31
333.16
330.34
322.16
328.38
330.84
328.43
333.59
335.00
336.28
338.66
338.53
344.90
340.70
333.34
331.33
323.10
324.40
318.63
311.33
309.37
306.02
302.82
303.94
303.56
314.90
311.69
310.92
313.03
307.15
311.43
306.36
303.56
303.45
300.91
298.30
306.01
306.93
308.42
303.21
301.46
304.42
309.41
306.30
305.73
298.79
299.02
289.20
289.59
280.74
273.76
273.14
286.86
294.90
294.46
