196.62
199.95
186.95
184.75
183.26
192.9
191.82
194.7
195.79
195.99
196.57
197.37
194.57
197.9
195.68
196.72
194.47
194.08
195.53
197.63
196.18
197.8
197.92
198.38
198.39
195.56
195.29
186.58
185.77
186.28
190.97
191.92
193.37
196.03
195.93
194.91
196.84
196.45
195.48
194.39
197.09
196.31
193.3
191.53
192.08
190.22
188.99
188.83
189.32
191.46
190.67
187.08
187.72
187.14
185.72
187.63
188.16
185.68
187.49
185.9
185.87
185.87
178.1
180.73
182.21
181.19
182.07
182.01
183.38
184.44
183.62
182.84
182.23
182.64
182.01
184.78
184.43
188.24
186.95
186.06
191.84
189.19
186.67
186.57
187.37
186.82
187.86
188.07
187.89
190.58
187.4
185.74
184.73
184.77
184.82
186.17
185.8
186.48
184.78
182.19
182.88
183.23
183.24
184.81
182.85
180.69
181.27
179.3
178.39
177.61
176.21
178.14
176.07
175.57
173.58
173.35
175.41
173.97
172.97
172.03
172.25
171.32
172.41
174.3
175.8
175.12
173.03
174.42
174.15
173.46
173.69
170.2
172.85
172
172.56
169.74
170.84
172.97
174
173.8
178.47
176.81
176.82
174.78
174.14
168.43
170.99
167.68
165.76
168.73
165.96
165.31
166.18
165.94
167.44
168.79
167.39
168.63
169.31
172.16
174.68
173.52
175.3
173.15
176.5
177.03
176.55
174.16
173.28
174.26
173.25
173.11
170.4
168.32
168.01
171.36
172.63
176.47
176.02
176
175.62
175.18
177
177.69
177.84
178.14
178.54
178.15
175.36
174.12
173.94
174.3
168.53
168.22
166.31
166.22
163.06
164.79
167.63
167.11
164.25
166.5
170.15
170.22
171.29
169.56
169.36
167.23
167.6
168.1
166.32
169.28
169.18
169.2
171.85
170.65
171.7
157.58
160.26
161.28
162.76
166.06
163.62
163
165.48
166.6
169.34
172.13
173.16
172.57
169.84
170.73
170.14
171.73
165.54
166.69
166.96
166.52
167.24
167.04
163.71
164.83
162.59
162.3
157.78
157.06
157.18
156.02
161.86
162.44
162.82
166.08
