109.99
103.17
101.1
100.08
96.79
108.73
103.4
105.64
105.69
104.94
103.62
104.39
101.54
104.72
105.94
111.13
111.43
112.64
113.37
113.49
113.61
116.02
115.09
112.83
111.21
115.99
115.24
122.47
123.55
121.68
117.54
121.86
119.3
118.39
111.04
111
109.99
111.65
108.2
111.58
109.96
107.22
110.74
113.15
114.94
114.87
116.75
118.23
117.1
115.59
113
115.91
113.58
113
114.33
116.92
118.03
116.08
115.82
115.97
114.86
119.62
118.78
118.8
115.67
119.01
119.49
122.19
120.23
116.52
113.42
110.89
112.58
111.75
110.99
114.68
117.55
116.99
118.53
119.24
118.91
117.24
114.75
113.76
113.04
117.09
113.91
133.52
131.41
131.65
136.78
142.57
139.29
138.85
141.02
143.93
141.77
140.44
147.29
145.32
145.34
145.91
145.45
143.97
141.46
141.96
144.06
148.41
148.5
138.2
141
146.78
141.49
142.78
144.59
140.61
144.66
143.17
143.7
144.33
138.25
135.8
137.39
138
138.7
140.74
142.55
141.95
141.5
138.36
140.81
137.78
134.05
135.36
141.43
141.16
140.53
140.91
142.65
144.1
139.55
142.03
143.45
142.81
141.03
139.74
139.09
140.05
137.8
135.75
134.73
146.58
148.02
147.4
147.85
150.85
148.39
144.24
140.89
142.02
143.34
142.14
146.75
147.46
151.88
153.49
152.38
152.72
151.78
151.93
150.05
148.92
148.45
144.8
149.6
151.83
149.67
148.33
147.43
144.7
146.85
148.51
149.26
148.92
149.36
149.63
148.71
146.95
144.83
149.63
151.78
149.5
148.23
151.61
158.79
156.78
157.16
157.2
159.28
159.3
155.07
157.15
155.79
153.09
153.47
153.03
151.98
153.22
152.04
156.3
156.38
160.26
170.03
175.38
172.69
175.07
173.24
167.79
170.98
170.77
169.95
171.12
170.61
168.47
170.82
170
172.2
171.34
168.33
162.21
161.07
149
146.11
149.9
150.6
147.24
139.03
137.27
140.31
139.85
135.39
134.65
132.19
137.87
136.57
138.97
134.32
132.7
131.46
137.13
137
137.67
